0 0.3 0.297849
0.1 2.23265 2.22931
0.2 3.25635 3.25157
0.3 2.88963 2.88384
0.4 1.30496 1.29908
0.5 -0.75235 -0.757389
0.6 -2.31473 -2.31836
0.7 -2.64736 -2.6497
0.8 -1.5938 -1.59556
0.9 0.350442 0.34827
1 2.27096 2.26758
1.1 3.2645 3.25969
1.2 2.8638 2.858
1.3 1.2573 1.25142
1.4 -0.799437 -0.804447
1.5 -2.33909 -2.34269
1.6 -2.63753 -2.63985
1.7 -1.55441 -1.55617
1.8 0.400869 0.398676
1.9 2.30871 2.3053
2 3.27182 3.26698
2.1 2.83724 2.83143
2.2 1.20936 1.20349
2.3 -0.846214 -0.851194
2.4 -2.3627 -2.36627
2.5 -2.62688 -2.62917
2.6 -1.5145 -1.51626
2.7 0.451268 0.449053
2.8 2.34589 2.34245
2.9 3.2783 3.27343
3 2.80997 2.80414
3.1 1.16116 1.1553
3.2 -0.892667 -0.897616
3.3 -2.38556 -2.38909
3.4 -2.6154 -2.61767
3.5 -1.47407 -1.47583
3.6 0.501624 0.499387
3.7 2.38249 2.37901
3.8 3.28393 3.27903
3.9 2.78198 2.77614
4 1.11272 1.10687
4.1 -0.938783 -0.943702
4.2 -2.40766 -2.41116
4.3 -2.60309 -2.60534
4.4 -1.43315 -1.4349
4.5 0.551923 0.549664
