41 153 292 333 491 1322 1478 1538 1726 1869 1942 2382 2391 2995 3281 3811 3902 4464 4604 4664 4771 4827 5141 5436 5447 5667 5705 5724 6299 6334 6500 6827 6868 6962 7035 7421 7673 7711 8145 8253 8467 8703 8716 9169 9358 9718 9894 9895 9912 9961 
37 106 288 778 1101 1323 1538 1840 1842 2082 2190 2316 2439 2623 2648 2662 2757 2859 2929 3035 3548 3805 3931 4084 4370 4393 4626 4966 5006 5350 5537 5547 5890 6118 6308 6541 6729 6944 7376 7446 7529 7644 8723 8756 8942 9040 9264 9629 9741 9954 
191 383 1107 1115 1150 1337 1673 1724 2052 2209 2287 2306 2355 2386 2704 3290 3430 3655 3966 3977 3986 4031 4221 4639 4767 4833 4945 5021 5097 5457 5573 5574 5829 6270 6512 6777 6924 6941 7350 7753 8007 8588 8636 8745 8909 9072 9161 9658 9758 9930 
53 291 467 537 836 900 1020 1548 1655 1999 2421 2483 2591 2813 3030 3199 3602 3728 3788 4021 4041 4310 4350 4484 4596 4648 4734 4893 4946 6359 6413 6418 6422 6483 6617 6900 7348 7410 7506 7595 7624 7807 7938 8127 8281 8762 9168 9374 9514 9668 
303 472 485 523 580 600 798 1008 1511 1556 1587 2292 2609 2702 2798 2888 3093 3195 3458 3622 4179 4309 4343 4798 4989 5200 5249 5281 5844 6038 6191 6224 6519 6618 7157 7448 7451 7616 7958 8009 8190 8538 8935 9156 9314 9503 9589 9657 9796 9815 
21 55 142 285 322 328 585 712 932 1003 1416 1426 1881 1998 2154 2510 2600 2634 2646 3401 3557 3757 3844 4169 4182 4272 4389 4688 4886 5002 5075 5255 5699 5721 6202 6362 6423 6869 7088 7189 7861 7892 8433 8476 8617 8651 8875 9789 9832 9869 
53 145 193 416 555 671 808 912 945 1185 1316 1329 1425 1701 1718 1832 2263 2368 2423 2455 2529 2549 2949 3195 3297 3434 3753 4313 4313 4355 4488 5734 5786 5996 6105 6139 6279 6282 6549 6687 7437 7441 7756 8060 8114 8286 8692 9512 9866 9976 
24 159 202 222 450 466 481 649 1173 1659 1833 2044 2161 2168 3186 3196 3625 3646 4018 4144 4372 4414 4474 4745 5535 5824 5874 6154 6292 6439 6477 7129 7253 7391 7487 7518 7958 7982 8022 8070 8177 8297 8313 8321 8787 9314 9334 9510 9558 9905 
140 142 235 527 833 974 1003 1023 1286 1543 1624 1763 1924 2270 2413 2550 2625 2668 2695 2725 3031 3061 3064 3102 3694 3985 4099 4181 4270 4667 4802 5760 7192 7222 7285 7432 7505 7593 7627 7773 7900 8360 8480 8492 8896 9170 9187 9213 9711 9972 
123 195 227 315 1018 1060 1119 1694 1926 1928 2043 2125 2170 2466 2525 2593 2625 2658 2758 2800 3152 3261 3487 3737 3851 4474 4596 4678 4757 4962 5109 5423 5484 5627 5629 6302 6576 6902 7086 7164 7371 7882 8019 8087 8464 8520 9010 9565 9576 9577 
188 326 771 851 900 1111 1113 1153 1200 1264 1477 1520 1763 2303 2324 2356 2428 2760 2835 2850 2993 3007 3829 4460 4887 4924 4940 5030 5108 5547 6058 6202 6411 6439 6477 6540 7384 7578 7713 8116 8260 8365 8662 8704 8958 9011 9357 9405 9790 9801 
67 112 556 911 1457 1585 1626 1635 2053 2142 2223 2296 2483 2532 2607 2717 2848 2896 2938 2963 3022 3216 3271 3357 3584 3869 4041 4129 4229 4369 4423 4485 4565 4675 6072 6559 6654 6962 6972 8526 8696 8823 8932 9337 9350 9357 9361 9617 9734 9855 
40 72 175 176 300 424 548 610 875 877 1017 1459 1462 1626 1637 1752 1783 1934 1993 2193 2279 2673 2678 2701 2734 2741 2818 3142 3221 3754 3850 4413 4855 4932 5205 5556 5705 5881 6511 6534 6641 6962 7398 7611 7825 7870 8296 8443 9313 9855 
40 215 335 601 608 695 1192 1240 1258 1627 2044 2181 2589 3169 3392 3775 3829 3831 3992 5145 5264 5561 5601 5759 5824 5990 5997 6077 6129 6467 6488 6740 7549 7605 7813 8112 8213 8503 8651 8683 8685 8759 9090 9174 9292 9314 9353 9497 9541 9556 
75 303 503 750 913 1075 1098 1221 1247 1422 1539 1545 1769 1818 2164 2171 2363 2604 2663 2670 2913 2971 3584 3648 3847 3985 4084 4970 4975 5205 5262 5498 5542 5706 6287 6428 6704 7489 7546 7591 7619 7864 8027 8240 8519 8678 8712 8786 9010 9232 
28 608 690 748 888 1132 1221 1342 1430 1543 1588 1600 1758 2060 2088 2409 2637 2843 2865 2943 3245 3527 4015 4146 4423 4472 4681 5049 5087 5347 5508 5565 5620 5944 6463 6969 7067 7103 7152 7870 7949 8289 8318 8323 8540 8570 9601 9763 9901 9954 
93 355 426 626 783 814 1001 1025 1196 1224 1948 2226 2257 2404 2549 2726 3318 3342 3359 4429 4536 4606 4736 4766 4944 4955 5072 5185 5411 5629 5748 5994 6036 6142 6173 6565 6705 7038 7913 7964 8035 8075 8584 9141 9375 9496 9515 9812 9853 9923 
148 353 482 838 893 1015 1080 1124 1131 1318 1355 1361 1416 1634 1650 1903 2011 2233 2317 2637 3452 3561 3676 3936 4008 4028 4050 4155 4186 4213 4256 4625 4902 5264 5454 5662 6303 6303 6634 6652 6858 6909 7109 7262 7841 8230 8256 9200 9643 9690 
3 58 212 259 674 1282 1461 1515 1945 2220 2392 2508 2619 2685 2722 3039 3653 3831 3878 3959 3971 3971 4555 4700 4937 4948 5117 5269 5313 5402 5589 5938 6215 6234 6264 6410 6493 6504 6698 6923 7815 8330 8489 8869 9008 9037 9288 9369 9781 9961 
8 28 80 116 710 788 825 1071 1333 1363 1679 1723 1885 1954 1974 2168 2249 2598 2867 2941 3073 3309 3977 4295 4484 4686 4693 4774 4778 5071 5184 5629 5790 5898 5951 6085 6113 6153 6541 7110 7200 8082 8115 8132 8380 8650 8689 9676 9815 9956 
415 1012 1054 1136 1293 1340 1528 1662 1762 1907 2268 2290 2745 3481 3556 3941 4084 4114 4307 4721 4806 5345 5602 5686 6021 6064 6630 6667 6679 6809 6816 7124 7516 7531 7681 7726 7864 7902 8405 8423 8666 8826 9087 9152 9309 9318 9421 9873 9964 9996 
114 248 448 540 647 799 807 866 1052 1146 1196 2022 2158 2336 2498 3037 3712 3882 3925 4098 4575 4600 4708 4722 5131 5269 6423 6439 6602 6633 6995 7278 7462 7479 7491 7659 7830 7918 7958 8238 8315 8352 8392 8397 8486 8762 9292 9458 9567 9704 
229 330 475 524 528 658 675 792 905 910 940 1188 1418 1521 1655 1754 1923 2361 2549 2570 2925 3146 3234 3851 4161 4230 4333 4449 4515 4520 5075 5147 5162 5615 5828 6398 6816 6925 6946 7469 7663 8350 8638 8714 8962 9464 9557 9560 9569 9897 
4 289 568 714 943 1064 1278 1450 1591 1615 1941 2393 2505 2609 2611 2623 3337 3805 3826 4640 5565 5608 6074 6216 6249 6336 6337 6893 7085 7572 7585 7636 8164 8194 8337 8373 8396 8419 8652 8664 8819 9135 9152 9166 9174 9281 9737 9876 9949 9970 
195 300 422 474 754 774 874 910 1012 1172 1364 1577 1672 2481 3161 3428 3439 3509 3552 4182 4408 4415 4460 4902 5391 5495 5547 5589 5605 5764 5912 5967 6031 6122 6268 6343 6821 6972 7358 7594 7950 7968 8255 8510 8779 9426 9573 9695 9762 9789 
556 958 974 1068 1111 1367 1643 1759 1787 1908 1991 2018 2182 2196 2376 2668 2723 3447 3856 4319 4324 4776 5021 5204 5677 5945 5969 6222 6434 6486 6806 6828 6948 7223 7534 7692 7727 7783 7982 8166 8283 8532 8583 8700 8925 9220 9331 9486 9490 9677 
169 238 267 681 697 702 972 1027 1192 1310 1313 1381 1408 1454 2042 2111 2179 2237 2327 2501 2830 3650 3877 4237 4364 4901 5128 5177 5472 5545 5770 5869 5871 6443 6590 6595 7185 7465 7612 7713 8023 8149 8442 8634 8703 8823 8850 9426 9508 9793 
278 718 807 938 1058 1286 1386 1670 1735 1881 2075 2258 2433 2528 2661 2742 2750 2756 3330 3503 3840 4472 4865 4867 5651 5783 5841 6048 6063 6365 6766 7128 7213 7586 7833 7926 8182 8360 8434 8458 8598 8610 8614 8928 9257 9435 9487 9489 9492 9860 
189 648 899 1244 1369 1599 1647 1794 1837 1892 1982 2015 2525 2544 2578 2931 3243 3264 3340 3487 3497 4474 4919 5011 5538 5697 6100 6193 6608 6841 7200 7208 7328 7432 7492 7649 7780 8252 8483 8633 9252 9352 9523 9535 9810 9812 9851 9854 9891 9990 
73 159 193 208 380 418 971 1056 1159 1163 1276 1497 1497 1540 1560 1578 1620 1840 2074 2607 2611 2785 2890 2924 3210 3392 3449 3549 3578 3722 3826 4196 5370 5834 6477 6489 6582 6683 6979 7008 7967 8503 8529 8761 8791 8805 9019 9072 9277 9790 
136 178 241 396 615 899 904 1758 1784 2105 2584 2599 2678 2741 2750 2862 2995 3093 3517 3523 3579 3608 3716 3729 4007 4081 4387 4676 4680 4954 5058 5249 5452 5460 5565 5678 6813 7006 7032 7095 7240 7296 7577 7753 8670 8882 9198 9621 9916 9932 
168 180 236 640 693 986 1078 1191 1226 1243 1577 1947 2144 2513 2578 2912 3065 3183 4140 4611 4629 5055 5469 5651 5791 5874 5973 6052 6097 6172 6446 6517 6748 6857 6878 6949 6955 7065 7514 8146 8162 8394 8551 8922 9091 9261 9487 9815 9916 9929 
170 189 422 861 1348 1351 1777 1810 2028 2106 2187 2214 2276 2431 2445 2455 2503 3333 3455 3489 3865 4197 4208 4750 4860 4882 5759 5821 6149 6321 6367 6479 6538 6705 7007 7231 7282 7432 7641 7666 8486 8522 8752 8896 9082 9253 9447 9614 9646 9975 
573 635 855 1181 1376 1550 1561 1643 1774 2074 2112 2529 2699 3232 3245 3476 4199 4287 4353 4381 4455 4747 4801 4961 4998 5678 5716 5947 6021 6281 6363 6450 6473 6922 7124 7172 7296 7465 8110 8153 8274 8318 8643 8680 8888 9135 9253 9859 9926 9981 
32 109 318 710 1020 1293 1617 1785 1969 2097 2206 2372 2420 3165 3396 3580 3684 3694 3989 4015 4390 4486 4788 5199 5431 5529 5813 5928 6085 6578 6626 6671 6697 6890 6948 7171 7206 7415 7906 7984 8118 8166 8247 8271 8805 8978 9168 9199 9320 9658 
38 221 268 271 337 406 493 542 753 761 987 1311 1331 1388 1647 1781 2104 2677 3093 3181 3186 3289 3444 3525 3964 4360 4507 4693 5000 5084 5665 6431 6584 7152 7267 7355 7482 7537 7604 7768 7827 8074 8217 8387 9022 9095 9413 9447 9501 9885 
80 440 508 663 797 968 1080 1202 1411 1531 1562 1836 1874 1962 2079 2095 2259 2593 2885 2933 3251 3343 3559 3656 3713 3779 4071 4365 4808 4868 4872 5602 5680 5725 6080 6653 6835 7040 7080 7216 7375 7720 7832 7905 7936 8106 8455 8768 8976 9156 
21 474 666 707 742 1009 1072 1455 1493 1895 1979 2012 2076 2481 2640 2759 2955 3169 3290 3335 3335 3400 3588 3717 4141 4199 4512 4773 4791 5043 5303 5340 6018 6225 7168 7368 7650 7740 7922 8136 8315 8546 8762 8880 9058 9097 9105 9248 9396 9714 
83 135 183 470 652 1047 1063 1323 1420 1487 1594 2029 2088 2244 2588 2718 2935 3262 3276 3487 3589 3652 3955 3990 4033 4326 4710 4769 4779 4978 5005 5006 5814 5987 6253 6540 7042 7196 7229 7679 7945 8470 8661 8681 8753 8864 9033 9221 9271 9779 
363 495 1001 1028 1197 1457 1601 1807 1812 2363 2669 2671 2998 3015 3134 3393 3445 3490 3545 3565 3597 3692 4218 4227 4567 4723 4790 4844 4962 5022 5279 5993 6741 7372 7421 7604 7721 8055 8563 8610 8738 8801 8838 8965 9105 9151 9264 9301 9771 9882 
78 144 293 489 594 1056 1338 1339 1608 1630 1724 1908 1920 1963 1981 2209 2225 2290 2330 2654 2707 3154 3224 3822 3855 4119 4245 4474 4604 4623 4697 4987 5750 6734 6737 7075 7338 7372 7606 8135 8184 8223 8382 8616 8805 8846 9130 9445 9561 9733 
41 432 476 556 577 667 681 737 836 1184 1490 1901 2119 2136 2189 2279 2737 2779 2795 2974 3053 3072 3239 3351 3432 3591 4091 4118 4125 4176 4580 4684 4875 4893 5787 5903 5907 6060 6290 6741 6790 7005 7063 8028 8074 8283 8329 8479 8719 8793 
502 687 722 1023 1083 1382 1400 1690 1695 1891 2195 2468 2566 2581 2663 2702 2816 3162 3639 3838 3874 3998 4243 4399 4637 4828 4834 5141 5722 5826 5891 6038 6139 6260 6360 6705 6943 7189 7349 7621 8346 8413 8707 8935 8978 9126 9410 9515 9877 9993 
48 133 502 542 556 591 1051 1203 1495 1531 1547 1570 1775 2078 2257 2319 2425 3063 3189 3388 3569 3585 4642 5023 5791 5967 6272 6803 6819 6867 7226 7450 7531 7811 7954 7975 8044 8245 8300 8456 8588 8636 8915 9099 9383 9405 9458 9467 9617 9962 
2 61 73 103 178 338 479 490 722 893 1069 1357 1641 1847 1913 2194 2352 2361 2683 2703 3188 3258 3699 3941 4042 4271 4380 4422 4750 4964 5302 5333 5385 5568 5710 6135 6345 6742 6895 7233 7469 7504 8008 8102 8990 8990 9047 9462 9611 9658 
498 844 1088 1552 1563 1635 1662 1911 2074 2179 2244 2348 2883 3043 3049 3529 3730 4065 4118 4398 4522 4615 5154 5220 5477 5651 5679 5834 5869 6363 6747 6798 6857 7022 7103 7240 7352 7511 7616 8053 8470 8580 8773 9149 9178 9492 9552 9731 9850 9876 
65 274 389 643 1071 1267 1717 1749 1892 2003 2203 2295 2630 2686 2993 3028 3152 3698 3893 3917 4589 5236 5428 5619 5841 6081 6177 6407 6459 6610 6840 6932 7037 7461 7633 8262 8490 8630 8631 8782 8888 8902 9022 9130 9172 9273 9420 9681 9770 9864 
175 205 386 481 530 581 614 700 997 1151 1497 1622 2118 2138 2307 2461 2504 2651 2659 2765 2935 3271 3661 3760 4287 4398 4459 4883 4979 5566 6640 6717 6787 6840 7098 7209 7283 7540 7999 8058 8245 8290 8421 8423 8703 8828 8890 9250 9601 9662 
123 137 393 538 538 548 669 726 875 931 989 1149 1443 1476 1555 1647 2255 2401 2627 2759 2933 3034 3690 3694 3758 3879 4599 4668 4917 5248 5433 5436 5449 5598 5752 6193 6371 6760 7103 7273 7498 7670 7746 8211 8493 8596 8792 9065 9161 9567 
26 40 48 66 308 506 599 792 811 816 953 1393 1447 1604 1731 2469 2503 2570 2667 2861 3743 3818 3930 3967 4434 4676 5089 5158 5395 5427 6090 6412 6474 6704 6840 7195 7589 7809 7889 7975 8154 8223 8641 8684 9364 9385 9814 9858 9866 9986 
83 356 778 832 862 883 885 889 935 1001 1071 1085 1109 1250 1260 1265 1381 2080 2145 2520 2675 2737 2927 3336 3390 3565 3855 3872 4277 4428 4755 4773 4925 5045 5134 5502 5821 5974 6334 6424 6478 6646 7251 7282 7590 7651 8128 8187 8686 9310 
134 169 231 663 675 736 829 839 946 1138 1238 1401 1426 1575 1677 1717 1825 1862 2072 2480 2645 3037 3277 3394 3542 3573 3773 4115 4272 4712 4998 5858 6125 6897 7162 7199 7478 7939 8047 8382 8692 8718 8721 9078 9103 9203 9539 9608 9645 9905 
119 259 324 677 684 700 821 841 1284 1623 1798 1829 2274 2448 2536 2885 2944 3041 3452 3993 4016 4241 4643 4715 4957 5038 5093 5095 5137 5227 5264 5981 6002 6224 6724 6915 7058 7615 7668 7700 7759 7929 7961 8072 8133 8448 8862 8891 9507 9857 
424 542 621 677 704 819 891 1376 1909 2018 2086 2170 2290 2438 2493 2556 2597 2600 2629 2927 3024 3105 3784 4193 4254 4318 4790 4878 4984 5084 5190 5407 5621 5765 5767 6068 6339 6366 6862 6923 7085 7734 7998 8085 8108 9102 9400 9412 9669 9834 
104 113 142 415 656 686 827 1187 1478 1620 1959 1988 2161 2554 3063 3370 3642 3787 3946 4343 4591 4632 4804 5012 5020 5507 5808 5934 6124 6251 6321 6385 6533 6798 6814 7056 7239 7260 7441 7708 8074 8411 8509 8738 8842 9002 9578 9761 9761 9833 
383 412 532 654 761 951 1060 1171 1409 1514 1528 1790 2451 2494 2503 2570 2676 2729 3101 3407 3519 3543 4262 4360 4489 4855 4958 5275 5402 5441 5469 5471 6266 7013 7093 7107 7373 7584 7651 7892 7953 8007 8038 8392 8440 8472 8607 9472 9505 9947 
42 466 489 666 947 1098 1229 1259 1267 1687 1833 2045 2356 3053 3154 3388 3793 4007 4216 4314 4523 4629 4705 5386 5452 5463 5631 5739 5776 6260 6320 6469 6632 6738 6766 6919 7091 7283 7470 7553 7760 7887 8160 8317 8522 8630 9007 9722 9756 9842 
308 361 620 664 943 1100 1334 1376 1385 1430 1434 1981 2157 2212 2946 3000 3043 3775 3789 3832 3837 3888 4074 4171 4346 4504 4693 5123 5144 5314 5318 5476 5563 6292 6379 6464 6611 6626 6792 7117 7123 7551 7591 7877 8272 8717 8866 8964 9154 9561 
53 580 1245 1405 1441 1453 1461 1503 1595 1866 1867 1883 2047 2317 2657 2764 3171 3477 3687 3973 4117 4179 4592 5230 5367 5385 5567 5936 6115 6238 6461 6569 6816 6991 7028 7157 7171 7291 7311 7330 7369 7671 7909 7981 8310 8400 8402 8498 8681 9914 
146 428 471 559 806 830 998 1396 1458 1479 1604 2033 2054 2241 2261 2270 2294 2530 2688 2716 2740 3377 3675 4229 4272 4320 4489 4593 4609 4854 5329 5790 5927 6160 6300 6333 6366 6586 6610 6685 6853 6919 8119 8259 8388 8718 9421 9631 9744 9849 
237 613 783 1094 1292 1693 1710 1744 1817 1897 1979 2053 2162 2208 2258 2317 2389 2506 2512 2593 2695 2795 2860 2937 2951 3492 3509 4469 4557 5174 5296 5628 5809 6097 6134 6466 6538 6878 7266 7530 7540 7843 7887 8135 8140 8633 8786 8840 8982 9551 
142 935 1048 1127 1295 1476 1768 1862 2340 2511 2527 2927 3154 3194 3537 3817 4214 4235 4381 4633 4713 4962 5100 5127 5623 5831 6120 6203 6292 6430 6558 6624 6693 6807 6946 7011 7393 7577 7762 7922 7954 8182 8240 8400 8569 8705 8913 8995 9664 9909 
75 170 211 312 443 555 731 785 1000 1004 1321 1539 1754 2253 2331 2557 2796 3293 3293 3332 3640 3987 4066 4099 4248 4248 4464 4631 4671 5026 5052 5450 6211 6528 6880 7182 7262 7301 7452 7986 8029 8040 8765 8834 8934 9044 9050 9270 9375 9556 
253 323 441 666 769 1088 1153 1363 1715 1723 1738 1805 2628 2872 2908 3115 3202 3292 3380 3402 3659 3684 3843 3993 4395 4508 4828 4979 5197 5948 6329 6781 7256 7411 7577 7610 7665 7679 7705 7837 7918 8023 8569 8613 8854 8965 9448 9623 9695 9801 
227 258 348 530 635 833 872 968 1034 1840 1926 2145 2306 2471 2719 3234 3885 3901 3994 3995 4161 4443 4512 4593 5191 5224 5906 6188 6256 6484 6633 6900 7137 7603 7860 7879 8011 8032 8233 8281 8343 8942 8982 9093 9171 9285 9478 9527 9768 9910 
335 435 540 698 1006 1016 1086 1143 1146 1325 1522 1595 1641 2005 2094 2312 2403 2677 2686 2850 2911 3224 3455 3582 4618 5225 5811 6280 6300 6358 6589 6615 6847 7043 7846 8023 8042 8094 8237 8313 8339 8368 8396 8457 8627 8759 8804 8867 8956 9578 
41 403 639 654 748 990 1896 2187 2472 2534 2594 2621 2850 2892 3000 3413 3454 3525 3623 3873 3943 4028 4327 4353 4450 4640 4641 4860 4907 5079 5117 5293 5403 5646 6067 6444 6824 6925 7241 7692 7717 7893 7929 7993 8125 8213 8695 8870 9011 9978 
238 459 720 826 984 1201 1219 1244 1262 1267 1346 1421 1547 1728 1768 2019 2036 2056 2444 2503 2912 3149 3187 3328 3751 3904 4942 5299 5695 5717 5846 6061 6296 6405 6641 6867 6886 7014 7093 7104 7571 7584 7918 8166 8174 8299 9625 9768 9897 9991 
27 173 382 424 484 877 893 1014 1219 1269 1293 1299 1495 1537 1549 1683 1918 1990 1993 2137 2397 2943 3168 3586 3774 3851 4069 4290 4651 4890 5032 5917 6248 6584 6798 6811 6814 6833 6865 7252 7669 8148 8363 8493 8892 9074 9104 9218 9271 9314 
106 189 345 591 906 1156 1245 1550 1705 1836 1920 2097 2245 2351 2368 3088 3252 3406 4122 4157 4510 4514 4578 4651 4743 4949 4982 5149 5238 5258 5813 5880 6231 6421 6463 6508 6923 7118 7204 7723 7741 7844 8238 8624 8706 9227 9271 9647 9785 9911 
102 122 397 435 555 670 758 775 1056 1411 1511 1544 1698 1751 1838 1950 2125 2489 2529 2652 2826 2902 3112 3490 3917 3976 4286 5072 5328 5553 5836 6227 6693 6716 6758 7089 7132 7296 7296 7672 7916 8277 8356 8410 8939 8979 9001 9085 9468 9751 
130 289 426 677 1005 1280 1860 1954 1979 2021 2421 2482 2549 2586 2628 3143 3231 3245 3388 3465 3785 4047 4062 4108 4588 4709 4719 5000 5128 5190 5253 5677 5945 6016 6497 6555 6769 6947 7377 7406 7754 7886 7956 8049 8335 8487 8675 8684 9091 9777 
304 485 615 792 940 1310 1663 1684 1708 1710 1857 1864 1968 2008 2087 2437 2488 2499 2499 2612 2641 2701 2983 2997 3683 3810 4835 5012 5033 5215 5351 5820 5897 6129 6600 7137 7640 7732 7799 8237 8454 8583 8677 8682 8968 9256 9613 9692 9707 9869 
84 134 357 462 592 624 712 985 1084 1122 1337 1447 1822 1898 2197 2286 2734 2774 3917 4006 4055 4160 4428 4473 4828 4931 5338 5349 5624 6053 6504 6599 6984 7342 7505 7553 7792 8075 8290 8725 8822 8878 8913 8996 9236 9397 9533 9750 9795 9855 
37 130 285 666 742 844 971 1036 1344 1909 1949 2037 2239 2736 2777 3061 3523 3609 3647 3924 4146 4209 4590 5013 5053 5416 5492 5506 5618 5712 5893 6200 6206 6286 6499 6727 6767 7118 7841 7896 7915 8175 8325 8505 9034 9090 9285 9465 9793 9854 
6 225 250 328 470 506 700 716 845 858 996 1411 1462 1504 1707 1766 1980 2670 2674 2678 3256 3483 3967 4008 4155 4199 4541 5107 5191 5384 5536 5668 5857 6040 6141 6204 6364 7523 7936 8234 8246 8266 8290 8747 8917 8990 9088 9402 9729 9832 
144 350 643 906 979 1358 1419 1501 1856 2284 2301 2570 2618 2621 2647 3164 3371 3426 4007 4312 4547 4586 5279 5675 5676 5812 5822 5939 6034 6038 6336 6339 6561 6879 7357 7452 7776 8061 8129 8180 8200 8239 8314 8613 8642 8709 9095 9290 9808 9977 
65 138 382 416 565 851 967 1052 1238 1313 1436 1727 1759 1771 2271 2516 2897 3012 3105 3184 3283 3310 3501 4202 4364 4481 4541 4798 4816 5032 5059 5319 5377 5513 5579 5589 6140 6595 7038 7649 7714 8259 8469 8488 8504 8522 8733 9023 9574 9891 
217 633 846 1015 1157 1205 1441 1505 1641 1876 1943 2016 2018 2240 2471 2668 2974 3241 3465 3700 3787 4291 4624 5027 5055 5137 5296 5524 5581 5745 6191 6259 6439 6648 6804 6966 7064 7224 7441 7834 8018 8144 8222 8872 8956 9176 9252 9334 9368 9974 
36 350 405 790 1025 1184 1323 1502 1617 1901 1936 2046 2145 2534 3152 3210 3760 3795 3852 4336 4346 4550 4795 5290 5532 5584 5692 5896 6003 6046 6050 6806 7350 7632 7666 7776 8082 8315 8326 8729 8856 8970 9153 9182 9275 9361 9649 9789 9793 9984 
183 189 280 390 600 617 679 833 1211 1476 2129 2151 2264 2632 3101 3116 3817 3865 4345 4593 4696 4895 4907 5145 5167 5193 5429 5610 5638 5966 6388 6450 6753 6754 6883 7038 7420 7813 7839 8252 8318 8613 8621 8963 9066 9425 9531 9554 9861 9982 
71 175 270 415 658 698 946 1065 1155 1206 1302 1597 2106 2197 2200 2584 2715 3079 3158 3165 3194 3448 3509 3540 3762 4122 4464 4464 4696 4919 5257 5946 6321 6354 6645 6859 7297 7587 7592 7611 7988 7997 8042 8380 8510 8652 8833 9067 9522 9942 
124 128 149 169 199 307 481 679 736 741 999 1105 1108 1320 1567 1697 1714 1899 1915 2036 2097 2343 2884 3145 3338 3504 3849 3953 4075 4120 4168 4208 4546 4879 4912 5259 5706 5955 6133 6641 6793 6844 6984 7207 7607 7774 8026 8217 9485 9681 
252 260 279 502 514 721 930 945 990 1302 1447 1563 1754 1954 2176 2222 2488 2833 2844 3577 4061 4231 4618 4870 4898 4990 5242 5415 5447 5631 5633 5794 6070 6072 6657 6701 6928 7219 7480 8086 8406 8672 8686 8781 8938 8981 9438 9555 9904 9975 
142 183 245 270 311 337 485 684 1276 1466 1506 1520 1547 1723 2187 2512 2702 2832 3201 3240 3318 3475 4016 4441 4462 4798 4858 5023 5255 5488 6101 6312 6464 6653 6784 6850 6859 7168 7683 7892 8130 8172 8250 8258 8343 8683 8848 8871 9195 9656 
39 373 521 522 648 777 786 883 917 935 979 1283 1735 1785 1982 2015 2073 2085 2186 2389 3205 3480 3675 3976 4198 4752 5020 5713 5769 6030 6085 6088 6096 6636 6792 7065 7236 7442 7688 8298 8345 8381 8516 9146 9260 9278 9387 9735 9919 9997 
272 340 499 510 703 967 976 1011 1080 1085 1256 1496 1539 1654 1665 1675 1920 2033 2121 2136 2257 2370 2572 2626 3202 3391 3495 3542 3566 3960 4186 4376 5086 5790 5867 6386 6702 7245 7298 7547 7775 8364 8437 8456 8564 8908 9198 9359 9515 9591 
630 655 966 1066 1154 1360 1771 1839 1969 1970 2199 2514 2517 2525 2708 2814 2936 3079 3147 3179 3338 3444 3572 3681 3762 3850 4145 4308 4429 4663 5541 5988 5991 6259 6508 6565 6715 7053 7689 8012 8168 8170 8313 8421 8631 8706 8838 9249 9473 9752 
313 519 595 1102 1371 1417 1463 1465 1495 1585 2173 2371 2406 2492 2496 3305 3327 3357 3461 3859 4087 4223 4753 4833 4852 4959 5444 5587 5715 6126 6126 6153 6278 6519 7073 7107 7271 7370 7523 7552 7590 7793 7879 8099 8257 8596 9213 9406 9427 9934 
57 259 456 468 511 557 843 886 1028 1274 1395 1480 2019 2183 2232 2313 2435 2702 2858 2869 3316 3656 4095 4101 4120 4300 5024 5028 5038 5505 5561 5590 5686 5722 5722 5865 6074 6231 6658 6731 6983 7295 7408 7578 7809 8174 8585 8971 9503 9818 
35 134 425 751 1074 1159 1314 1320 1364 1467 1478 2091 2126 2294 2589 2619 2880 3092 3163 3220 3332 3360 3766 3987 4147 4231 4390 4718 4720 4825 4983 5456 5713 5792 5808 6128 6208 6255 6467 6746 7182 7264 7358 7518 7587 9079 9094 9156 9714 9948 
62 189 301 333 378 415 523 609 1056 1676 1702 1827 1827 1984 2129 2382 2514 2988 3644 3669 3915 4090 4524 4616 4844 4872 4899 5169 5436 5656 5915 6539 6637 7049 7137 7288 7416 7419 7442 7524 7623 7858 7952 7976 8074 8186 9372 9616 9694 9846 
8 121 193 202 665 816 876 922 929 977 1026 1090 1175 1413 1417 1622 1873 1988 1999 2060 2254 2289 2501 2755 2844 3208 3396 3554 3803 4552 5137 5416 5733 5793 5985 6291 6720 6824 7253 7395 7912 8026 8422 8582 8759 8775 9072 9074 9443 9917 
628 645 654 661 695 961 1229 1907 2274 2307 2322 2438 2729 2902 2972 2972 3120 3144 3179 3296 3472 3532 3592 3716 4196 4348 4526 4620 4956 5226 5518 5535 5835 6158 6369 6453 6463 6576 6811 7299 7437 7602 7659 8134 8333 9503 9724 9734 9749 9979 
83 135 146 353 532 538 574 623 664 692 877 1047 1149 1228 1691 1741 1778 2139 2405 2471 2628 2779 2942 3445 3590 3855 4852 5290 5625 6099 6161 6406 6588 6909 7004 7312 7328 7440 7569 7580 7611 7804 7842 8104 8456 8724 8983 9102 9381 9959 
558 732 744 1049 1064 1105 1165 1180 1226 2143 2148 2186 2482 2638 3005 3061 3438 3603 3896 3978 4059 4169 4518 4698 4745 4769 4815 5032 5333 5603 5616 5638 6064 6125 6226 6467 6518 7004 7210 7362 7479 7508 7587 8245 8399 8536 9190 9444 9472 9593 
273 423 452 668 734 786 787 837 1300 1347 1570 1579 1597 1665 1711 1754 1768 1886 2000 2064 2088 2158 2815 3267 3425 3617 4565 4566 4750 4767 5169 5230 5396 6152 6224 6260 6890 7545 7579 7728 8211 8217 8960 9173 9235 9269 9312 9388 9562 9942 
49 72 119 153 259 336 365 454 747 809 1134 1270 1411 1457 1505 1626 1852 1945 1984 2334 2357 2405 2521 2999 3016 3017 3020 3576 3830 4591 4640 4854 4977 5050 5253 5893 5950 6117 6344 6562 7321 8061 8319 8592 8829 9094 9160 9193 9313 9881 
70 101 406 949 1098 1135 1593 2020 2050 2342 2364 2399 2403 2718 2737 2792 2885 3035 3059 3554 3758 3799 3877 3916 4439 4583 4841 5268 5271 5316 5718 5960 6182 6385 6678 6735 7157 7285 7432 7626 7686 7780 8252 8295 8357 8366 8428 8938 9029 9107 
96 229 381 920 1033 1158 1561 1588 1683 1849 2083 2190 2469 2769 2946 3175 3400 4196 4493 5442 5470 5519 5584 5606 5739 5758 5923 6040 6467 6731 6850 6938 7096 7619 7873 8275 8287 8366 8499 8606 9023 9109 9223 9298 9356 9463 9685 9768 9935 9988 
0 285 342 571 580 727 916 1044 1348 1654 2426 2634 2675 3232 3281 3341 3370 3573 3791 4058 4341 4536 4837 5013 5233 5253 5284 5529 5794 6197 6199 6467 6549 6835 7085 7158 7376 7438 7528 7617 7731 8137 8351 8545 8731 8900 9077 9670 9736 9958 
30 201 581 735 765 1099 1324 1458 1483 1539 1717 2024 2070 2358 2980 3114 3245 3623 4083 4099 4363 4468 4726 4999 5311 5575 5749 5756 5928 5941 6008 6170 6424 6667 6843 7131 7389 7590 7740 7757 8124 8255 8392 8717 8745 8752 8895 9240 9299 9773 
16 84 106 582 666 1052 1110 1148 1174 1256 1592 1858 2057 2061 2655 2670 2990 3145 3815 3826 3870 3925 3934 3947 4000 4580 4988 5412 5536 5771 5774 5865 5874 6250 6436 6763 7043 7212 7301 7366 7446 7911 8064 8275 8644 8838 9429 9659 9682 9868 
75 139 394 432 537 553 794 845 900 1156 1300 1527 1575 1706 1744 1884 2039 2082 2695 2851 2957 3128 4024 4819 4820 5158 5374 5376 5864 6071 6271 6490 6807 6955 7195 7222 7438 7625 8029 8054 8490 8525 8629 9337 9389 9424 9648 9766 9788 9979 
121 269 393 1033 1135 1301 1493 1763 1828 1870 1927 2166 2195 2282 2530 2618 2782 2990 3143 3148 3245 3467 3592 3592 4056 4192 4615 4771 4935 4961 5412 5517 5842 5881 5907 5920 6439 6491 6721 6952 7006 7322 7782 8431 8616 8717 9026 9080 9217 9743 
144 388 429 935 1041 1395 1424 1558 1736 1794 2151 2249 2530 2531 2794 3071 3123 3753 3902 4026 4077 4153 4202 4287 4638 4701 4820 5009 5041 5058 5202 5264 5674 6209 6430 6575 6823 6890 7043 7205 7699 8090 8100 8213 8230 8383 8622 8658 8720 8775 
103 377 487 542 1389 1668 1788 1813 1825 1960 2046 2182 2280 2344 2353 2452 2707 2823 3142 3198 3362 3888 4078 4659 4985 5015 5188 5347 5447 5636 5775 5943 6190 6448 6754 6781 6860 7271 7479 7549 7624 7639 7855 7933 7945 8584 9251 9782 9846 9923 
3 170 216 259 799 1128 1419 1465 1810 1896 2128 2140 2150 2313 2361 2729 2735 3210 3485 3596 3632 4082 4329 4770 4986 5004 5161 5389 5645 5822 5862 5872 5970 6038 6048 6141 6350 6421 6621 7165 7667 8120 8352 8432 8494 8514 8666 8672 9726 9915 
14 83 284 335 471 666 759 884 1274 1511 1830 2167 2235 2290 2295 2460 2629 3387 3452 4105 4992 5269 5783 5812 6341 6344 6382 6395 6575 6611 6758 6982 7016 7151 7261 7372 7525 7550 7824 7906 8021 8050 8060 8268 8710 8793 9552 9679 9801 9905 
48 67 67 160 219 265 270 283 840 1164 1655 1661 1725 1807 2301 2432 2488 2725 2851 2923 3379 3724 3963 3969 3997 4124 4382 4449 4809 4836 4955 5519 5807 6028 6139 6631 6701 7225 7300 7534 7770 8227 8256 8324 8491 8760 9140 9309 9511 9679 
101 180 397 466 688 784 823 856 1096 1472 1528 1658 1721 1987 2048 2133 2147 2237 2514 2666 2920 3175 3454 3629 3954 4179 4404 4537 4848 5136 5565 5987 6116 6241 6366 6429 6594 6958 7004 7048 7362 7582 8221 8389 8983 9052 9193 9384 9676 9843 
20 57 503 527 824 868 1027 1479 1932 2003 2081 2280 2565 2732 2828 2910 3240 3472 3558 3961 4144 4520 4953 5033 5167 5238 5282 5610 5665 5690 6358 6393 6572 6966 7178 7187 7221 7318 7457 7464 7653 7863 8103 8599 8833 8901 9251 9449 9703 9926 
171 323 650 867 884 955 1155 1210 1223 1260 1271 1535 1793 3495 3637 3651 3695 4010 4019 4062 4189 4407 4648 4932 4948 5084 5234 5343 5352 5694 5756 5760 5800 5842 5851 5939 6017 6419 6500 6649 6688 6811 6841 6881 6922 7405 7898 8134 8411 9298 
103 137 641 1073 1228 1565 2169 2178 2353 2376 2537 2567 2692 2732 2815 3162 3178 4047 4205 4255 4331 4496 4526 4727 4749 4812 5149 5199 5257 5304 5312 5745 5851 6053 6542 6742 6748 6928 7149 7177 7445 7795 7970 8052 8194 8551 8768 8938 8965 9401 
76 129 167 238 403 731 788 1054 1156 1299 1958 1977 2174 2205 2599 2647 2695 3261 3326 3929 4171 4208 4278 4435 4667 4889 4981 5012 5089 5656 5732 5793 6107 6114 6831 7054 7492 7586 7859 7972 8147 8367 8503 8752 8819 8899 9045 9212 9511 9854 
35 132 476 482 952 1554 1599 1623 1871 1957 2177 2195 2489 2590 2602 2649 2829 3179 3282 3361 3399 4387 4437 4652 5032 5183 5293 5319 5369 5503 5597 5646 5705 5836 5945 6612 7027 7632 8102 8224 8343 8350 8496 8945 9081 9204 9491 9654 9674 9989 
113 228 420 528 915 1263 1350 1681 1846 2233 2336 3161 3335 3458 3502 3586 3759 3774 4546 4750 5189 5254 5419 5722 5760 5850 6427 6461 6616 6651 7037 7371 7818 7945 7953 8246 8592 8735 8785 8884 9018 9074 9184 9260 9265 9370 9421 9546 9594 9668 
79 773 1268 1374 1593 1792 2200 2322 2650 2700 2702 2714 2746 2762 2815 3080 3201 3223 3285 3370 3848 3990 4214 4386 4399 4591 5105 5152 5306 5726 5857 6272 6282 6343 6525 6762 7085 7119 7481 7519 7644 8237 8638 8849 8991 9145 9235 9482 9512 9984 
31 185 554 1077 1267 1445 1499 1502 1888 2193 2365 2425 2538 2722 3192 3505 4081 4463 4523 4599 4718 5094 5331 5398 5516 5741 5970 6429 6851 6872 6896 6937 7121 7135 7598 7769 7888 8066 8243 8608 9053 9124 9499 9537 9618 9655 9662 9670 9695 9814 
139 369 403 522 540 573 1149 1278 1576 1692 1826 1875 1906 2338 2485 2574 2907 3009 3110 3132 3640 3818 3910 3930 4999 5175 5454 5816 6023 6125 6340 6557 6658 7077 7277 7547 7777 7966 8048 8148 8361 8884 8944 9081 9348 9551 9556 9728 9821 9951 
31 89 369 373 568 579 842 867 987 991 1265 1435 1538 1590 1620 1620 1657 2212 2364 2517 2604 2642 2662 2693 2759 2891 3409 3549 3776 4023 4023 4141 5128 5422 5709 5791 5994 6100 7272 7604 7743 8010 8197 8440 8477 8828 9009 9285 9494 9783 
350 935 943 954 1230 1271 1472 1474 1479 1486 1486 1504 1788 1912 1987 2043 2312 2589 2832 3207 3232 3239 3245 3281 3412 3445 3673 3757 3940 3954 4246 4248 4377 4883 4943 5827 6114 6146 6209 6623 7285 7349 7683 7768 7964 8639 8795 9466 9601 9718 
606 652 870 882 1154 1221 1520 1531 1699 1755 1782 1890 1983 2180 2276 2705 2792 2829 3037 3316 3367 3885 4196 4258 4439 4565 4702 4729 4736 5174 5342 5547 5689 5851 5923 5924 6051 6162 6257 7684 7975 8477 8715 8720 9035 9072 9282 9606 9686 9969 
224 468 598 1014 1184 1197 1237 1417 1574 2125 2151 2684 2964 3533 3604 4066 4161 4361 4568 4604 4996 5062 5286 5472 5485 5594 5676 6089 7073 7233 7446 7475 7532 7560 7682 7718 8079 8266 8301 8595 8604 8709 8815 9073 9076 9229 9343 9616 9662 9769 
309 382 396 448 539 589 773 1047 1173 1197 1238 1560 1825 1841 1989 2271 2490 2510 2567 2888 3355 3403 3454 3739 3991 4020 4167 4581 4853 5081 5520 5589 5791 5941 5948 6430 6784 6862 6866 6873 7054 7148 7536 7585 8251 9056 9228 9429 9606 9877 
12 183 236 339 392 416 437 576 633 692 801 943 1135 1227 1364 1462 1845 1960 2134 2270 2411 2443 2486 2508 2878 3005 3117 3338 3919 4063 4193 4401 4514 4611 4740 4828 5290 5433 6112 6274 6498 6544 6723 6843 6923 8603 8732 8849 9556 9740 
106 282 366 377 432 955 1001 1416 1439 1770 1848 2071 2280 2452 2487 2488 2704 2837 3227 3290 3671 3713 4013 4075 4299 4458 4540 4978 5358 5434 6194 6305 6673 6766 7048 7263 7730 8170 8507 8537 8577 8649 8664 8722 8803 9368 9459 9555 9659 9764 
41 43 93 268 344 526 597 806 1139 1238 1366 1684 2105 2324 2426 3155 3244 3592 3749 3914 3936 4290 4334 4403 4471 4546 4696 5175 5456 5599 5846 5937 6030 6446 6647 6713 6925 7109 7269 7666 8074 8182 8761 9059 9276 9290 9481 9635 9714 9863 
12 118 165 209 391 583 606 869 973 1091 1103 1221 1576 1799 1874 1903 2093 2497 2516 2658 2759 3196 3263 3336 3388 3635 4241 4243 4336 4515 4919 5121 5712 5783 6149 6667 7007 7435 7557 7711 7727 7791 7830 7950 8275 8370 8514 8563 8611 9125 
3 16 199 444 463 485 528 562 700 997 1026 1032 1351 1629 1649 1730 1748 2302 2572 2858 2889 3124 3262 3339 3705 3865 4670 4985 4988 5098 5290 5494 5537 5679 5940 6320 6794 7055 7554 7728 8391 8442 8553 8703 9280 9354 9551 9714 9858 9868 
99 129 333 523 678 1051 1065 1176 1580 1587 1652 1997 2002 2322 3055 3269 3429 3931 4088 4274 4393 4572 4640 4726 4928 5042 5044 5388 5391 5750 5760 5885 5936 6201 6327 6422 6534 6860 7079 7473 7552 7610 8046 8202 8627 8756 8798 9154 9175 9284 
120 127 320 389 440 488 488 489 630 682 850 893 1113 1455 1516 1552 2574 2659 2710 2749 3226 3486 3763 3821 4521 4722 5165 5316 5566 5754 5818 5854 6003 6222 6425 6500 6586 6602 7264 7302 7406 7737 7901 8188 8341 8901 9524 9531 9754 9964 
88 102 106 184 297 333 504 518 1281 1371 1453 1544 1564 1731 1843 1881 2073 2353 2490 2662 2837 3257 3340 3784 3987 4265 4508 4972 5343 5370 5876 5967 6129 6333 6489 6586 6710 6921 6972 7500 7901 7996 8121 8213 8804 9115 9451 9785 9858 9923 
141 216 253 311 736 763 912 1007 1011 1025 1070 1129 1228 1321 1443 1543 1599 1814 2252 2593 2606 2751 2817 3209 3212 3345 3365 3613 3849 4442 4562 5111 5648 5833 6332 6502 6834 7395 7444 7450 7451 7559 7569 7953 8664 9006 9180 9535 9693 9850 
9 59 132 383 439 570 746 873 944 1244 1880 2021 2080 2178 2315 2316 2425 2429 2549 2715 2930 3004 3220 3635 3737 4638 4987 5030 5283 5384 5446 5532 5560 5589 6994 7541 7629 7658 7738 7752 7761 8045 8529 8825 8835 9133 9204 9412 9521 9782 
378 444 597 713 943 970 1610 2050 2058 2133 2189 2251 2295 2334 2537 2709 2737 2815 2823 3137 3163 3290 3500 3511 4061 4072 4164 4351 4360 4420 4705 5061 5191 5273 5387 5615 6052 6615 6846 6999 7879 8034 8064 8383 8621 8655 9301 9767 9831 9952 
301 309 768 768 838 845 1072 1142 1221 1724 1849 2019 2155 2298 2344 2443 2444 2606 2718 2864 2978 3187 3200 3217 3584 3624 4535 4709 4815 4821 5183 5346 6031 6459 6933 7161 7468 7633 8352 8364 8625 8646 8695 8703 8791 8885 9050 9140 9351 9847 
498 733 959 1367 1452 1622 1665 1685 1699 1906 1986 1991 2159 2174 2224 2229 2345 2371 2716 3213 3279 3845 3950 4487 4662 4867 5162 5190 5321 5418 5573 5584 6070 6115 6218 6502 6826 6897 7030 7103 7719 7804 7811 8044 8541 8591 8919 9566 9666 9983 
20 287 561 1121 1345 1508 1523 1534 1597 1753 1833 1918 1991 2052 2300 2692 2800 2819 3192 3348 3682 3876 4612 4827 4956 5022 5061 5251 5289 5821 5828 6025 6103 6157 6235 6431 6624 6980 7244 7430 7523 7953 8393 8465 8907 8965 9071 9086 9235 9695 
0 155 168 168 319 834 842 929 1028 1080 1364 1410 1633 1638 1776 2048 2270 2461 2464 2545 3082 3292 4141 4417 4560 4620 4643 4690 4969 5199 5344 5984 6099 6141 6336 6833 7110 7254 7406 7660 7665 8125 8463 8599 8700 8762 8827 9029 9131 9397 
85 118 547 565 648 778 803 832 837 1293 2238 2620 2670 3083 3384 3650 4015 4080 4404 4439 4537 4847 5241 5532 5555 5558 5653 5729 5859 5896 6006 6587 6781 6911 7076 7206 7234 7427 7701 7799 7849 8296 8324 8764 8841 9129 9215 9414 9719 9947 
66 70 139 1002 1183 1448 1560 1787 1812 1907 1984 2082 2211 2293 2424 2537 2629 2638 3215 3256 3290 3815 3930 4041 4485 4524 5063 5078 5802 6059 6126 6338 6345 6513 6565 7064 7483 7898 7982 8235 8418 8437 8497 8827 8831 9205 9221 9328 9583 9973 
101 195 234 603 839 883 906 923 939 1022 1157 1219 1349 1383 1427 1479 1970 2090 2100 2133 2500 2735 2786 3061 3084 3209 3592 3856 4409 4485 4499 4733 4800 5452 5560 5668 5836 5847 5905 6573 6885 6984 7135 7245 9313 9355 9407 9699 9827 9981 
80 304 479 509 703 709 770 798 1098 1319 1569 1688 1699 1720 1875 2014 2050 2138 2344 2355 2425 2510 2541 2544 2910 3207 3946 4149 4232 4301 4824 5398 5765 6141 6237 6346 6875 6990 7427 7719 7843 7857 7981 8190 8264 8618 9467 9557 9683 9696 
50 132 205 318 577 640 903 979 1008 1131 1365 1390 1517 1630 1805 1818 2432 2509 2917 3171 3535 3754 4022 4090 4333 4413 4642 4721 4754 4970 5246 5318 5414 5675 5788 5844 6032 6394 6635 6645 7227 7267 7609 8461 8724 8835 9254 9321 9445 9570 
267 617 760 1162 1565 1872 1930 2137 2341 2410 2534 2782 2882 3322 3697 4035 4486 4638 4968 5065 5135 5233 5370 5423 5603 5874 6122 6426 6549 6552 6634 6727 6914 6932 6977 7065 7125 7321 7520 7728 8264 8283 8592 8631 8655 8908 8930 9688 9724 9941 
98 474 485 518 531 552 563 680 684 708 781 800 1168 1448 1521 1851 1888 2444 2900 3076 3340 3742 4234 4362 4419 5219 5315 5455 5606 6119 6349 6830 6923 7239 7399 7544 7580 8168 8339 8378 8741 8947 9118 9132 9299 9587 9634 9700 9770 9790 
50 143 433 556 672 727 843 920 1082 1082 1261 1298 1433 1471 1881 1957 2528 2622 2809 3139 3323 3586 4370 4545 4597 5140 5491 5540 6331 6676 6767 7099 7116 7327 7366 7730 7973 8051 8099 8250 8286 8304 8396 8441 8805 8937 9053 9247 9297 9814 
391 472 573 745 805 1089 1124 1234 1653 1670 1726 1797 1823 2066 2113 2794 2893 3022 3310 3377 3441 3488 3569 3671 3993 4083 4218 4247 5090 5369 5465 5966 5974 6266 6396 6460 6605 6806 7015 7098 7422 7438 7518 7519 7578 7646 7944 8262 8324 9323 
149 497 794 1494 1620 1701 2145 2224 2539 2651 2677 2729 3156 3196 3298 3303 3830 3912 3959 4023 4037 4195 4410 4613 4948 4992 5300 5371 5639 5714 6392 6549 6561 6576 6808 6849 7161 7222 7443 7502 7723 7825 8015 8561 8969 8981 9206 9448 9455 9466 
204 245 574 759 767 849 974 1262 1433 1567 1584 1598 1796 1845 1884 1951 2048 2094 2297 2581 3531 3659 3675 3833 3968 4387 4399 4688 4898 4966 5411 5417 5450 5729 5781 5927 6009 6099 6100 6145 6231 7294 7368 7396 7923 8941 9149 9324 9542 9695 
198 342 430 468 630 724 807 921 951 1382 1480 1614 1844 1911 1935 2171 2425 2425 2733 3076 3080 3192 3251 3425 3922 4009 4287 4405 4938 4960 5005 5026 5292 5596 6204 6204 6612 6666 6700 6866 6964 7541 7668 7720 7886 8159 8527 9451 9527 9951 
80 101 731 805 960 1109 1127 1341 1408 1632 1741 1818 1885 1920 1930 2027 2229 2278 2505 2670 3063 3085 3277 4172 4711 4730 4796 4837 5137 5408 5416 5635 5778 6434 6509 6583 7401 7448 7974 8171 8621 8815 8853 8987 9141 9483 9710 9748 9803 9984 
184 398 989 1098 1518 1670 1719 1727 1859 2018 2125 2839 2883 3061 3068 3078 3518 3525 3746 3780 3873 4521 4557 4951 5352 5610 5673 5760 5802 6167 6226 6257 6868 6915 7193 7583 7596 7876 7882 7895 8061 8166 8554 8603 8738 9159 9197 9373 9688 9938 
189 287 421 583 608 799 1258 1671 1735 1762 2216 2407 2492 2599 2622 2914 3212 3239 3253 3362 3419 3666 3725 3799 4014 4345 4605 4738 4757 5530 5606 5785 5956 6219 6664 7178 7507 7656 7901 8125 8208 8327 8348 8532 8593 8716 9413 9490 9569 9847 
12 268 309 320 525 643 691 693 797 825 1008 1271 1431 1568 1736 1737 2192 2252 2296 2414 2476 2524 2546 2845 3670 4346 4416 4549 4988 5089 5358 6020 6099 6217 6872 6896 6999 7056 7237 7688 7745 7774 8221 8386 8552 8677 9039 9647 9898 9907 
4 174 231 362 419 744 773 883 1033 1313 1382 1713 1788 1894 2135 2268 2358 2644 2796 2840 3250 3289 3966 4255 4780 4868 4941 5132 5632 6533 6727 6731 6782 6825 6927 7436 7457 7512 7649 7901 8223 8361 8519 8526 8818 8852 8930 9582 9601 9728 
24 202 241 242 381 509 713 1052 1111 1229 1248 1358 1570 1650 1781 1980 2152 2242 2327 2592 2662 2706 3296 3716 3773 3777 4253 4305 4371 4617 4638 5281 5561 5620 5797 5812 5845 6065 6118 6176 6359 6586 6677 6874 7148 7718 8536 9097 9624 9758 
28 39 58 270 449 600 999 1215 1257 1905 1967 2100 2122 2167 2211 2275 2350 2547 2661 3217 3248 3612 4086 4185 4191 4458 5037 5171 5230 5316 5601 5674 6163 6468 6582 6591 6824 6876 7045 7525 8080 8294 8414 8444 8962 9039 9696 9774 9958 9981 
32 168 337 411 432 606 620 642 695 904 1041 1119 1473 1493 1503 1860 2269 2295 2514 2550 2698 3145 3547 3566 3637 3742 3834 4477 4694 4737 4838 5404 5525 5728 5758 5848 6102 7011 7213 7262 7438 8084 8091 8102 8297 8534 9221 9232 9730 9831 
475 643 808 846 1211 1623 1851 1887 1999 2012 2015 2151 2174 2406 2487 2619 3029 3063 3454 3477 3718 3837 3839 3912 4015 4169 4560 4728 5082 5852 5863 5987 6317 6589 6714 6782 7091 7327 7538 7831 8001 8117 8230 8277 8752 8922 9362 9488 9647 9921 
653 747 905 951 1005 1339 1430 1430 1476 1482 1588 1707 1738 1935 2051 2515 2561 2606 2625 2720 2922 2989 3058 3380 3407 3529 3611 3714 4177 4296 4380 4940 4949 5104 5406 5726 6327 6550 6913 7124 7205 7441 7622 7785 8334 8810 9023 9266 9787 9963 
47 146 299 594 607 657 1413 1627 1807 2255 2263 2808 3248 3278 3627 3730 3791 3946 4052 4422 4452 4592 4684 4958 5547 6281 6413 6632 6708 6905 6924 7016 7251 7530 7576 7703 7746 7757 7790 7831 7975 8036 8041 8092 8505 8535 9096 9425 9900 9958 
194 293 351 421 609 637 693 813 898 909 929 1099 1100 1597 1683 1750 1866 2139 2466 2675 2679 3668 3971 3988 4332 4654 4756 4816 5094 5221 5266 5838 5980 6206 6238 6395 6441 6458 6637 6966 6979 7184 7928 8081 8540 8697 8827 9046 9359 9792 
150 191 305 647 708 820 921 1286 1378 1444 1978 2173 2266 2474 2523 2809 2969 3038 3093 3166 3359 3360 3670 3883 3927 4030 4855 4890 4966 5069 5225 5260 5346 5706 6001 6040 6913 7262 7431 7767 8222 8449 8884 8946 9122 9382 9463 9507 9526 9740 
65 497 650 789 795 855 1052 1252 1276 1367 1863 2262 2966 2997 3503 3709 3795 4140 4209 4263 4265 4427 4442 4447 4478 4705 4720 4906 5246 5345 5361 5643 5815 6287 6675 6755 6817 6856 6979 6983 7803 8103 8445 8742 8799 8886 8938 9127 9606 9781 
393 467 476 944 976 1414 1786 1828 1857 2108 2133 2304 2305 2418 2533 2581 2703 2760 2912 3206 3320 3777 3935 4402 4441 4444 4511 4784 5024 5465 5496 5787 6216 6495 6706 6791 6850 6975 7535 7583 7619 7691 7694 8374 8826 9075 9098 9316 9665 9934 
127 165 212 406 465 586 750 1127 1153 1261 1373 1405 1495 1559 1606 1626 1728 1918 2060 2093 2380 2431 2749 3114 3935 3948 3953 4025 4268 4762 5119 5138 5466 5682 5780 6065 6545 6619 7460 7508 7639 7750 8042 8548 8571 8736 9122 9341 9783 9977 
183 460 723 760 1067 1082 1217 1291 1330 1347 1598 1650 1662 2048 2088 2165 2223 2249 2280 2825 3075 3205 3727 4055 4426 4724 4966 4978 5180 5423 5544 5778 6091 6269 6402 6440 6756 7347 7544 7689 8111 8187 8807 8809 9029 9063 9081 9344 9698 9856 
42 74 148 158 163 216 264 666 763 786 891 980 1159 1173 1241 1290 1448 1576 1661 1857 2166 2559 2839 2896 3196 3288 3843 3929 3933 4057 4085 4335 4412 4693 4892 5250 5491 5932 6226 6250 6288 6396 6692 6910 8827 8827 9048 9598 9616 9678 
39 323 400 1210 1391 1456 1827 1835 2038 2054 2069 2173 2569 2593 2643 2775 2910 3101 3437 3486 3561 3630 3792 3834 3917 4205 4306 4477 4502 4732 5094 5303 5542 6124 6139 6900 6990 7041 7889 8001 8201 8394 8581 8636 8993 9023 9108 9204 9408 9845 
395 610 831 906 1069 1439 1444 1605 1696 1814 1827 1929 1942 2153 2332 2383 2971 3022 3336 3527 3772 3790 3886 4195 4316 4653 4709 4826 5008 5047 5102 5467 5511 5605 6190 6471 6764 7008 7242 7440 7467 7573 8443 8470 8540 9007 9047 9086 9157 9948 
53 72 444 756 856 881 895 975 1199 1219 1351 1634 1718 1788 1993 2332 2364 2420 3022 3123 3225 3717 3760 4000 4092 4486 4508 5351 5750 5857 6102 6343 6588 6747 6747 6865 7032 7136 7252 7290 7430 7693 7709 7933 8025 8842 8849 8873 9145 9319 
57 290 366 439 461 470 636 766 906 1168 1465 1620 2340 2490 2501 3163 3287 3375 3378 3719 4115 4565 5048 5199 5232 5249 5421 5469 5955 6133 6244 6546 6660 7334 7633 7995 8056 8113 8321 8677 8738 8916 8962 8982 9397 9463 9499 9566 9588 9982 
204 223 268 876 1065 1186 1753 2136 2306 2336 2473 2624 2706 2712 2848 2978 3671 4321 4337 4608 4616 4662 4678 4682 4704 4719 4766 5115 5188 5312 5820 5958 6160 6617 6757 6800 6981 7170 7782 7993 8458 8643 9042 9058 9078 9116 9197 9602 9874 9946 
90 227 237 387 401 566 597 677 838 1115 1164 1206 1221 1435 1694 1708 1807 1864 2000 2065 2604 3112 3546 3686 4322 4389 4407 4640 5035 5106 5402 5411 5578 5984 6756 6811 7049 7184 7576 7931 7943 7959 8231 8597 8911 8957 9265 9365 9595 9725 
117 203 316 383 448 567 739 1094 1137 1184 1273 1503 1913 1948 2032 2177 2377 2463 2998 3041 3790 4099 4106 4107 4200 4868 4890 5168 5314 5355 5380 5660 5692 5883 5926 6415 6598 6830 6934 7189 7223 7374 7723 7787 8103 8178 8403 8611 8848 9801 
17 57 226 278 402 437 555 598 759 813 848 1042 1429 1649 2030 2066 2277 2407 2490 2610 2808 2869 3386 3458 3505 3526 3977 4668 4876 5162 5311 5471 5543 5646 6339 6372 6760 6845 7205 7290 7633 8220 8235 8358 8863 8875 8920 9390 9440 9815 
190 313 565 690 883 1367 1391 1452 1709 1925 2048 2378 2466 2541 2633 2637 2640 2725 2826 3260 3435 3734 3935 4189 4784 4840 4855 5275 5304 5445 5719 5847 5976 6010 6048 7201 7323 7727 7994 8026 8086 8125 8433 8529 8614 9003 9077 9275 9428 9707 
88 90 284 418 804 1119 1124 1568 1619 1750 1792 1953 2360 2385 2389 2525 2652 2747 2946 3485 3611 3643 3965 4001 4473 4509 5002 5229 5343 5953 6188 6219 6613 6696 6763 6894 6968 7373 7666 7887 7960 7965 8461 8600 8627 8653 8771 8778 8976 9295 
77 137 276 380 386 497 530 638 656 802 805 925 1231 1684 1831 2110 2197 2676 2959 3034 3256 3265 3580 3599 3652 3856 4112 4171 4391 4658 5140 5471 5812 5860 5867 6140 6438 6708 6887 7236 7293 7730 8469 8501 8630 8728 8972 9559 9688 9924 
148 333 391 474 552 583 1163 1183 1304 1375 1612 1773 1985 2045 2094 2207 2328 2495 2975 3127 3171 3559 3646 3649 3833 4139 4368 4460 4628 4813 5000 5053 5385 5395 6088 6396 6437 6728 6927 7273 7930 8060 8196 8595 8601 8835 9127 9467 9652 9720 
444 578 642 716 827 1374 1594 1696 1881 1967 1975 1990 2061 2226 2318 2548 2793 2999 3497 3567 3572 3577 3771 3772 3854 3872 3992 4373 4638 4670 4908 5045 5138 5300 5693 6067 6739 7366 7478 7602 7658 7883 8098 8454 8847 9289 9610 9772 9994 9995 
47 260 297 298 300 359 370 456 770 990 991 1051 1244 1268 1500 1677 1789 1813 1888 1890 2677 2855 2919 3023 3340 3875 4398 4460 4564 4617 4665 4923 4969 5117 5467 5643 5727 6484 6498 6512 6705 6812 6850 7575 7682 8300 8434 8764 8864 9814 
213 371 388 420 585 631 648 1073 1137 1146 1464 1501 1866 2075 2555 2741 3032 3117 3266 3266 3594 3913 4312 4685 5320 5380 5605 5707 5810 6387 6633 6702 6729 6882 7101 7147 7802 7862 7932 7954 8086 8227 8428 8482 8594 8667 8953 9168 9653 9763 
31 44 159 258 396 506 528 698 873 876 925 1143 1563 1802 2105 2270 2415 2444 2494 2571 2711 3849 4096 4394 4508 4788 5505 5541 6258 6559 6778 6912 7123 7375 7397 7822 7955 8101 8106 8284 8303 8387 8400 8589 8706 8740 8795 9144 9224 9514 
341 634 752 771 869 925 1289 1396 1426 1447 1999 2209 2277 2372 2585 2839 3396 3631 3939 4242 4611 4682 4707 4712 4727 5355 5458 5522 5584 5868 6139 6490 6784 6868 7049 7141 7454 7905 7971 8258 8388 8822 8848 8964 9207 9323 9529 9555 9615 9786 
12 53 90 371 503 795 800 812 1160 1330 1347 1405 1425 1585 1888 2362 2608 3638 3815 3965 4431 4539 4985 5100 5281 5502 5535 5717 5922 5937 5944 6002 6411 6423 6655 6804 6919 7089 7091 7148 7401 7761 9040 9264 9409 9411 9501 9647 9807 9984 
95 142 449 498 538 671 979 1343 1374 1656 2306 2413 2415 2755 3355 3469 3627 3991 4248 4541 4593 4609 4779 4799 5096 5138 5741 5827 5961 6019 6435 6658 6862 7056 7238 7277 7781 8113 8251 8286 8301 8373 8380 8451 8584 8731 8751 8885 8984 9755 
36 89 600 625 838 998 1136 1210 1482 1612 1704 1933 2065 2085 2181 2242 2623 2716 2869 3614 3952 4188 4252 4399 4413 4868 5031 5065 5256 5805 5809 6100 6164 6281 6826 7156 7192 7253 7303 7388 7546 7829 7940 8366 8722 8796 9646 9672 9726 9955 
447 628 790 1028 1081 1202 1468 1686 1915 1925 2105 2143 2222 2341 2382 2403 2489 2719 3317 3365 3396 3749 3903 4027 4167 4278 4347 4724 4813 5538 5546 5986 5991 6255 6545 6733 6916 7182 7270 7390 7499 7629 7720 7986 8168 8424 9095 9345 9661 9741 
57 180 604 802 879 1397 1493 1672 2085 2146 2218 2427 2536 2943 3163 3217 3700 3914 3921 4017 4776 5021 5340 5403 5458 5536 5622 5828 5868 5899 6015 6217 6218 6828 6843 7089 7094 7274 7326 7616 7958 8043 8344 8592 8807 8835 9027 9372 9496 9869 
182 560 584 630 1104 1354 1381 1500 1623 1916 1924 1945 2043 2065 2621 2643 2685 2715 3253 4285 4372 4534 4621 5066 5203 5209 5248 5469 5807 5866 5966 5993 6111 6150 6398 6685 6842 7103 7117 7254 7500 7693 8116 9084 9087 9275 9711 9712 9723 9942 
148 282 340 469 917 1243 1379 1465 1496 1667 1714 2071 2158 2184 2218 2249 2415 2444 2625 2724 3273 3460 3517 3714 4246 4683 4817 4957 5070 5086 5187 5249 5475 6006 6200 6693 7235 7358 7388 7501 7725 8703 9338 9766 9772 9813 9924 9947 9961 9967 
253 478 665 714 1094 1458 1523 1754 2027 2223 2237 2356 2482 2790 2892 3546 3562 4019 4221 4413 4497 4639 4730 4946 5390 5684 5687 6099 6127 6491 7125 7401 7413 7491 7531 7940 7971 7995 8098 8106 8184 8212 8498 8826 8890 8918 9201 9260 9460 9578 
102 263 288 293 302 524 668 702 755 979 1074 1115 1301 1410 1508 1562 1756 1984 2007 2014 2040 2068 2092 2199 2384 2948 4020 4410 4421 4544 4619 4881 4901 5635 5699 5896 5978 6024 6234 6673 7213 7781 8135 8424 8455 8985 9066 9354 9766 9915 
111 154 187 372 764 838 1118 1225 1321 1496 1587 1659 1934 2042 2322 2469 2629 2831 2942 3202 3906 4050 4117 4409 4497 5239 5249 5348 5707 5794 5881 6029 6324 6393 6685 7596 7602 7613 7629 8008 8107 8189 8550 8672 8727 8933 9188 9609 9738 9913 
224 326 463 727 753 863 1049 1596 1667 1809 1901 2491 2650 2728 3331 3375 3573 3644 3705 4010 4027 4251 4644 4972 4986 5008 5017 5134 5621 5665 5721 5726 5819 6130 6269 6891 6955 7011 7153 7252 7491 7725 7934 7942 8061 8158 8752 8983 9480 9483 
22 33 37 408 479 498 864 1215 1680 1859 1882 1887 2050 2070 2222 2455 2594 2807 2891 2956 3092 3106 3162 3259 3324 3524 3535 3666 3817 4049 4605 4711 4757 4908 4920 5089 5472 5869 6028 6221 6297 6444 6974 7670 8446 8569 8599 9093 9129 9663 
45 162 353 354 640 954 967 1030 1106 1126 1183 1375 1425 1546 1626 1880 1991 2291 2454 2519 2663 2771 3285 3296 3461 3465 3636 3704 3750 4972 5306 5363 5820 6678 6824 6847 6888 7140 7492 7557 7818 8177 8249 8292 8493 8513 8796 8803 9464 9537 
